# sfho.eos converted to units with G=c=Msun=1
#
# rho0=nB*mB           epsl=(rho-rho0)/rho0    P
#
1.6205760253310928e-16 -1.0749851584075376e-03 1.1093557498949272e-21
1.8919202777793739e-16 -1.0738951759806659e-03 1.3636892024613236e-21
2.2086975751363006e-16 -1.0727474700203965e-03 1.6763317277489710e-21
2.5785150863433087e-16 -1.0715389835906919e-03 2.0606513979768215e-21
3.0102537012518752e-16 -1.0703127053970363e-03 2.3391139918845460e-21
3.5142812985248756e-16 -1.0691333771343237e-03 2.5914095793769044e-21
4.1027017224580168e-16 -1.0680116555782382e-03 2.8856643775359785e-21
4.7896454477122863e-16 -1.0669393861163501e-03 3.2288579142235732e-21
5.5916089120528651e-16 -1.0659095828395859e-03 3.6291334689588008e-21
6.5278506659157520e-16 -1.0649162599357664e-03 4.0959955205063426e-21
7.6208538520360230e-16 -1.0639542868046137e-03 4.6405407975653679e-21
8.8968661212387791e-16 -1.0630192636410518e-03 5.2757296362748108e-21
1.0386529950065867e-15 -1.0621074145313880e-03 6.0167058275532837e-21
1.2125618496841391e-15 -1.0612154954560138e-03 6.8811740902133988e-21
1.4155894667208818e-15 -1.0603407150069355e-03 7.8898467188483373e-21
1.6526114018951857e-15 -1.0594806658932310e-03 9.0669735387557577e-21
1.9293195590105787e-15 -1.0586332655941888e-03 1.0440972701582049e-20
2.2523588766918601e-15 -1.0577967047293857e-03 1.2045183710975737e-20
2.6294869015966701e-15 -1.0569694019306741e-03 1.3918770190026300e-20
3.0697600800737628e-15 -1.0561499641165151e-03 1.6107806777462838e-20
3.5837512419219425e-15 -1.0553371512170839e-03 1.8666593787118673e-20
4.1838034989589032e-15 -1.0545298445048257e-03 2.1659255386075722e-20
4.8843266555837966e-15 -1.0537270177854996e-03 2.5161692894719829e-20
5.7021432494099504e-15 -1.0529277107661494e-03 2.9263985681807005e-20
6.6568925318745239e-15 -1.0521310039675047e-03 3.4073359971568230e-20
7.7715020901154519e-15 -1.0513359946263678e-03 3.9717880909785374e-20
9.0727384357610089e-15 -1.0505417730378719e-03 4.6351071955779219e-20
1.0591849782609123e-14 -1.0497473988347883e-03 5.4157729306080420e-20
1.2365316449018298e-14 -1.0489518767055062e-03 6.3361281996781794e-20
1.4435726905361934e-14 -1.0481541310604081e-03 7.4233158946100577e-20
1.6852800504166340e-14 -1.0473529791924507e-03 8.7104769758224194e-20
1.9674581453029109e-14 -1.0465471024536654e-03 1.0238289757081948e-19
2.2968832702682491e-14 -1.0457350150240297e-03 1.2056955423999027e-19
2.6814663223373852e-14 -1.0449150298202925e-03 1.4228767431601288e-19
3.1304427747387623e-14 -1.0440852211914819e-03 1.6831444695446209e-19
3.6545944598595585e-14 -1.0432433840575905e-03 1.9962464232560345e-19
4.2665084868547580e-14 -1.0423869892254300e-03 2.3744699179940913e-19
4.9808795116225604e-14 -1.0415131347256690e-03 2.8333758504577628e-19
5.8148626179319738e-14 -1.0406184931635032e-03 3.3927538433975305e-19
6.7884852838786985e-14 -1.0396992552205164e-03 4.0778640848452261e-19
7.9251283267337709e-14 -1.0387510697100755e-03 4.9210489672803560e-19
9.2520873757144715e-14 -1.0377689806695400e-03 5.9638219830334503e-19
1.0801228356025168e-13 -1.0367473631652802e-03 7.2595523225346558e-19
1.2609752725124224e-13 -1.0356798580745119e-03 8.8769480280349300e-19
1.4721090837791579e-13 -1.0345593069558401e-03 1.0904495605222615e-18
1.7185944893489391e-13 -1.0333776904595249e-03 1.3456138155025147e-18
2.0063506511611254e-13 -1.0321260705135060e-03 1.6678522961689675e-18
2.3422878173778181e-13 -1.0307945667406004e-03 2.0759237904878702e-18
2.7344732668048394e-13 -1.0293722839617159e-03 2.5941073443601964e-18
3.1923250385348190e-13 -1.0278471337963335e-03 3.2538759289224278e-18
3.7268380990845002e-13 -1.0262059900090215e-03 4.0942878306259218e-18
4.3508483782599556e-13 -1.0244347678045607e-03 5.1661643285352250e-18
5.0793410143728244e-13 -1.0225181346708023e-03 6.5345737063659809e-18
5.9298102110853785e-13 -1.0204395452958481e-03 8.2818266284639017e-18
6.9226793475755413e-13 -1.0181813427022623e-03 1.0512264178059993e-17
8.0817914306530782e-13 -1.0157246870512449e-03 1.3358990305279752e-17
9.4349816666653411e-13 -1.0130495089698544e-03 1.6989937690006688e-17
1.1014745903077202e-12 -1.0101345340619572e-03 2.1617809159815040e-17
1.2859020991848658e-12 -1.0069572291395712e-03 2.7511194814243980e-17
1.5012095814448891e-12 -1.0034937772325225e-03 3.5008866955748266e-17
1.7525674846090666e-12 -9.9971907197726750e-04 4.4536871076520490e-17
2.0460119799879718e-12 -9.9560669061538043e-04 5.6631565230997107e-17
2.3885899168031474e-12 -9.9112893963815285e-04 7.1963061590692514e-17
2.7885280469800804e-12 -9.8625684669273461e-04 9.1374464296887194e-17
3.2554305844184508e-12 -9.8096010688086821e-04 1.1591741517886907e-16
3.8005098429776569e-12 -9.7520713691445771e-04 1.4690721532154985e-16
4.4368554917752595e-12 -9.6896499521315071e-04 1.8598670074575108e-16
5.1797488937622728e-12 -9.6219944980757699e-04 2.3519610944896361e-16
6.0470300761805160e-12 -9.5487508168423663e-04 2.9707358535285399e-16
7.0595261454212287e-12 -9.4695506803244012e-04 3.7479088172112465e-16
8.2415514343471621e-12 -9.3840120859456366e-04 4.7226152684120089e-16
9.6214913927395543e-12 -9.2917403917169850e-04 5.9435751115446620e-16
1.1232484242561023e-11 -9.1923257447590334e-04 7.4712330712770370e-16
1.3113216767474361e-11 -9.0853451568795318e-04 9.3799826301411049e-16
1.5308853346903358e-11 -8.9703708552912875e-04 1.1760519873262882e-15
1.7872120544693210e-11 -8.8468679427100572e-04 1.4751260336433005e-15
2.0864573297950999e-11 -8.7148683586624198e-04 1.8300950136377930e-15
2.4358073112640783e-11 -8.5708350607183181e-04 2.3981029370703610e-15
2.8436513763692656e-11 -8.4080552827570099e-04 3.1864963965359097e-15
3.3197835941014135e-11 -8.2352626003479035e-04 3.6563096469474977e-15
3.8756379221620046e-11 -8.0611811067754502e-04 4.4250144864922997e-15
4.5245627848721360e-11 -7.8698256007492251e-04 6.0425135173970460e-15
5.2821416255597357e-11 -7.6567297731822137e-04 7.4609005304567719e-15
6.1665671312503414e-11 -7.4378422626786289e-04 8.6539432859453510e-15
7.1990781163856460e-11 -7.2034602709480922e-04 1.1734997278901275e-14
8.4044695570052518e-11 -6.9433434896604140e-04 1.4491595733695291e-14
9.8116880234786184e-11 -6.6745672104784326e-04 1.7023782246634661e-14
1.1454526810657866e-10 -6.4035910323323453e-04 2.0081444945259093e-14
1.3372437458479460e-10 -6.1182876532084318e-04 2.5833031157177764e-14
1.5611477151073438e-10 -5.8176137251175764e-04 3.0248308505146802e-14
1.8225414745458120e-10 -5.5093452558008238e-04 3.7120652020977225e-14
2.1277021990268396e-10 -5.1834574406273148e-04 4.6100069592571947e-14
2.4839580942166855e-10 -4.8374235059778226e-04 5.7030046150584487e-14
2.8998643779409440e-10 -4.4719486593969293e-04 7.0064032794474439e-14
3.3854087273170007e-10 -4.0868392404158627e-04 8.6314783864097237e-14
3.9522511253205385e-10 -3.6830344973981521e-04 1.0491108995316231e-13
4.6140038665218521e-10 -3.2437530462692266e-04 1.3965534299045930e-13
5.3865584461190203e-10 -2.7739911221391633e-04 1.6252163781570202e-13
6.2884671822627178e-10 -2.2636215435056783e-04 2.2604802913831930e-13
7.3413887360467138e-10 -1.7261909694710198e-04 2.4210724235109843e-13
8.5706082279911516e-10 -1.1939861825593923e-04 3.0609651484934545e-13
1.0005644441226639e-09 -6.3499680968415184e-05 3.6275764385247433e-13
1.1680958692906620e-09 -5.7470062280184919e-06 4.4631958902942477e-13
1.3636782396863021e-09 5.4918866682518441e-05 5.4534240428080623e-13
1.5920083190801935e-09 1.1856868563597800e-04 6.6978876902818564e-13
1.8585692828856423e-09 1.8553466213910852e-04 8.2272098855677717e-13
2.1697623924991879e-09 2.5592484792880121e-04 1.0084947577180022e-12
2.5330607167865835e-09 3.2980936979365438e-04 1.2353377487873477e-12
2.9571885922203442e-09 4.0733849841556591e-04 1.5134464241352828e-12
3.4523311312695155e-09 4.8878390277917738e-04 1.8582596401278773e-12
4.0303788102279075e-09 5.7462597013491212e-04 2.2919271209401263e-12
4.7052130100743822e-09 6.6525338872147621e-04 2.8226706558956774e-12
5.4930393674140677e-09 7.6131810987645210e-04 3.5114491736037311e-12
6.4127769406731996e-09 8.6012921436062761e-04 4.0503850038294125e-12
7.4865125370819671e-09 9.5994829031709195e-04 4.9005957839718492e-12
8.7400311107657648e-09 1.0641636475468008e-03 6.0224893546865167e-12
1.0203434969058022e-08 1.1737976832377761e-03 7.3911555503379595e-12
1.1911866656808094e-08 1.2890275847210475e-03 9.0672013976913397e-12
1.3906352878208905e-08 1.4101151289793723e-03 1.1123680374931582e-11
1.6234789722292700e-08 1.5373392208499759e-03 1.3641806627592059e-11
1.8953092851546098e-08 1.6710006040030478e-03 1.6733766862621731e-11
2.2126540274560346e-08 1.8112947109971689e-03 2.0481162236241935e-11
2.5831339948392828e-08 1.9586706794012532e-03 2.5172750165052530e-11
3.0156459855434766e-08 2.1102541359776517e-03 2.9436574891635576e-11
3.5205764502705453e-08 2.2658134005777431e-03 3.6250465178729491e-11
4.1100509150001697e-08 2.4287549902559658e-03 4.3981976020820300e-11
4.7982251663915822e-08 2.5941419256656495e-03 5.0717426985764016e-11
5.6016251923712849e-08 2.7623782289438736e-03 6.2292074773491971e-11
6.5395440413243571e-08 2.9444172220662868e-03 8.1107691775902972e-11
7.6345051301651474e-08 3.1398266031157362e-03 9.7493603727867612e-11
8.9128031272825880e-08 3.3403495134916028e-03 1.1634946849813620e-10
1.0405135399257975e-07 3.5486023257658150e-03 1.4359589682397811e-10
1.2147339185074222e-07 3.7683917100865827e-03 1.7659789761171357e-10
1.4181252200501151e-07 3.9908854785346559e-03 1.9930499536304098e-10
1.6555717339425725e-07 4.2157188319156269e-03 2.4742947628197762e-10
1.9327755599274545e-07 4.4532723092052251e-03 3.0303415786410117e-10
2.2563935397452717e-07 4.7034029536923150e-03 3.7402685969347858e-10
2.6341971161904050e-07 4.9613709807136974e-03 4.3783828238674994e-10
3.0752589584745942e-07 5.2223212426001364e-03 5.2232179520799616e-10
3.5901708355657699e-07 5.4918890262634079e-03 6.3769259991469379e-10
4.1912979695668943e-07 5.7729098721808203e-03 7.7335996186838794e-10
4.8930759772403090e-07 6.0644594388972184e-03 9.3530953956666796e-10
5.7123575305051061e-07 6.3651096897627824e-03 1.1201680093584694e-09
6.6688170606993659e-07 6.6753962782024612e-03 1.3588324615616956e-09
7.7854232252760056e-07 6.9899460330971053e-03 1.5629805809586097e-09
9.0889904828654514e-07 7.2877583422816805e-03 1.6443959299047321e-09
1.0610823022365634e-06 7.5576550432485678e-03 1.7523855040224275e-09
1.2387466509533510e-06 7.8045158258839287e-03 1.8759487322118705e-09
1.4461585703707595e-06 8.0304698399504826e-03 1.9999289705388419e-09
1.6882989019968290e-06 8.2389945362404404e-03 2.1835728421488283e-09
1.9709824640827240e-06 8.4346345870656148e-03 2.4011461602096729e-09
2.3009976901169019e-06 8.6196907859028560e-03 2.6653446596989326e-09
2.6862696479582180e-06 8.7963533431547614e-03 2.9850663657859160e-09
3.1360503543899511e-06 8.9665180485201113e-03 3.3731987717176476e-09
3.6611409553558953e-06 9.1318768184551757e-03 3.8448419916263638e-09
4.2741511073701418e-06 9.2938817714720567e-03 4.4156771969720832e-09
4.9898017889501221e-06 9.4533975776409651e-03 5.0812267405550942e-09
5.8252788138624084e-06 9.6113918514804109e-03 5.9089937824115510e-09
6.8006455355361831e-06 9.7691823804808564e-03 6.9104269143477041e-09
7.9393246534312201e-06 9.9274594892504453e-03 8.1049355578702932e-09
9.2686606915781649e-06 1.0086604879647298e-02 9.5231877121745673e-09
1.0820576656791384e-05 1.0246975966318850e-02 1.1219275170886129e-08
1.2632340645707975e-05 1.0408923722470265e-02 1.3237125666802790e-08
1.4747460810145409e-05 1.0572510906192933e-02 1.5600764385539089e-08
1.7216730172699240e-05 1.0737519395318529e-02 1.8353445232021550e-08
2.0099446383042104e-05 1.0903838700162760e-02 2.1602349391486094e-08
2.3464835706456752e-05 1.1072141041608363e-02 2.5628573262284513e-08
2.7393715440617590e-05 1.1243677504260807e-02 3.0597483267794500e-08
3.1980434682312438e-05 1.1419815165875757e-02 3.6848886400758106e-08
3.7335140050158693e-05 1.1602651907046679e-02 4.4968789808043180e-08
4.3586420772945335e-05 1.1795523178704581e-02 5.5939524736574442e-08
5.0884396663410007e-05 1.2003558389103830e-02 7.1375603730265438e-08
5.9404323132823195e-05 1.2234301071186282e-02 9.3864458626917691e-08
6.9350799818098855e-05 1.2498362432447507e-02 1.2744049875543998e-07
8.0962683888448654e-05 1.2809970876311860e-02 1.7811869234737851e-07
9.4518826020953533e-05 1.3187863120235122e-02 2.5531974503372490e-07
1.1034476679019671e-04 1.3651590975807482e-02 3.6557689537187455e-07
1.2882055428072720e-04 1.4204638067983000e-02 4.9523277410179909e-07
1.5038987065645019e-04 1.4862792972756944e-02 7.0529648227370238e-07
1.7557068685464862e-04 1.5669693890152603e-02 1.0142786984181710e-06
2.0496770126912130e-04 1.6656674169607477e-02 1.4386500997344883e-06
2.3928686112806687e-04 1.7845587799247387e-02 2.0064259065784322e-06
2.7935231528670605e-04 1.9260827261021296e-02 2.7785055777396808e-06
3.2612620554321720e-04 2.0940451980273389e-02 3.8516863296301770e-06
3.8073177175159154e-04 2.2947610174756994e-02 5.4069613399226303e-06
4.4448032558333219e-04 2.5395819834338695e-02 7.8052676449089117e-06
5.1890274069263669e-04 2.8486738943680923e-02 1.1728001283923304e-05
6.0578621549774202e-04 3.2550643987238503e-02 1.8345907648420170e-05
7.0721719140899510e-04 3.8080059514065567e-02 2.9527295610533594e-05
8.2563145715271126e-04 4.5749079699084261e-02 4.8052432175440746e-05
9.6387264240850113e-04 5.6422975224255545e-02 7.7976830073235828e-05
1.1252605054408796e-03 7.1181528006269312e-02 1.2530894614491499e-04
1.3136706546013034e-03 9.1383795843767324e-02 1.9929804944503188e-04
1.5336276181527157e-03 1.1876549252104907e-01 3.1396331983457734e-04
1.7904134974185014e-03 1.5546725307665898e-01 4.8842771174520611e-04
2.0901948124796565e-03 2.0391215295114296e-01 7.4635759438489700e-04
2.4401705865243870e-03 2.6671006753226134e-01 1.1196501336333488e-03
2.8487452249844896e-03 3.4684367523102466e-01 1.6573403382629122e-03
3.3257303410213117e-03 4.4813200884924154e-01 2.4386080863600785e-03
3.8825803740487040e-03 5.7610128917752346e-01 3.6048858354365649e-03
